start=2484.605000
speed=1.464100
volume=130.000000
sub-visibility=no
