start=1277.000000
speed=1.610510
volume=110.000000
