start=1792.357233
speed=1.464100
volume=130.000000
fullscreen=yes
