start=1267.933000
speed=1.610510
