start=528.433333
speed=1.331000
pause=yes
volume=130.000000
saturation=-1
sub-delay=0.100000
