start=0.666667
volume=130.000000
