start=1248.747500
speed=1.331000
volume=130.000000
fullscreen=yes
