start=1348.500000
speed=1.610510
volume=120.000000
