start=162.673925
volume=130.000000
fullscreen=yes
