start=114.720000
volume=130.000000
brightness=18
