start=38.880000
speed=1.610510
