start=1291.999000
speed=1.610510
