start=178.280328
speed=1.210000
