start=980.933333
speed=1.464100
