start=1275.318000
speed=1.464100
