start=1386.260000
speed=1.610510
fullscreen=yes
