start=248.033333
speed=1.331000
volume=130.000000
fullscreen=yes
