start=909.300000
speed=1.464100
fullscreen=yes
