start=197.909375
volume=108.000000
