start=486.733333
speed=1.331000
pause=yes
