start=579.229015
speed=1.464100
fullscreen=yes
