start=1298.839000
speed=1.610510
sub-pos=108
