start=492.666667
speed=1.331000
