start=619.760000
speed=1.948717
