start=3.966667
volume=130.000000
