start=338.200000
speed=1.610510
pause=yes
