start=1235.818000
speed=1.464100
volume=130.000000
