start=1295.213000
speed=1.610510
volume=128.000000
