start=29.433333
speed=1.610510
