start=139.133333
speed=1.464100
volume=130.000000
video-aspect-override=1.777778
