start=1284.867000
speed=1.610510
