start=1300.426000
speed=1.464100
pause=yes
aid=1
