start=279.333333
osd-level=3
speed=1.464100
