start=1296.295000
speed=1.771561
sub-pos=84
