start=257.533333
speed=1.948717
volume=130.000000
