start=1249.834000
speed=1.464100
