start=3190.045000
pause=yes
sid=1
sub-pos=108
sub-visibility=no
sub-scale=1.300000
