start=2677.800000
sid=1
sub-scale=0.700000
