start=1384.425000
speed=1.464100
volume=130.000000
fullscreen=yes
sid=1
sub-pos=123
sub-visibility=no
