start=1292.833333
speed=1.610510
volume=124.000000
