start=1253.711000
speed=1.610510
sub-pos=92
