start=993.720495
volume=130.000000
