start=1286.660000
speed=1.610510
sub-pos=106
