start=629.462796
speed=1.610510
pause=yes
volume=130.000000
