start=1284.742000
speed=1.610510
sub-pos=92
