start=237.758728
volume=102.000000
