start=1282.104000
speed=1.610510
fullscreen=yes
brightness=10
sid=1
sub-pos=107
