start=1280.560000
sub-delay=0.300000
