start=555.533667
speed=1.464100
volume=124.000000
