start=34.966667
speed=1.331000
pause=yes
