start=509.366667
speed=1.610510
