start=2955.494000
fullscreen=yes
sid=1
sub-scale=0.600000
