start=565.700000
speed=1.331000
