start=954.766667
speed=1.331000
