start=146.761833
volume=130.000000
