start=23.433333
volume=130.000000
