start=1298.630667
volume=130.000000
