start=629.566667
speed=1.331000
