start=694.920000
pause=yes
volume=130.000000
