start=1208.915000
speed=1.464100
volume=130.000000
