start=2243.566667
speed=1.464100
volume=130.000000
fullscreen=yes
