start=61.433333
speed=1.464100
