start=787.354981
speed=1.331000
