start=1197.320000
speed=1.610510
volume=130.000000
