start=1262.427000
speed=1.610510
volume=130.000000
sid=no
