start=1218.889727
speed=1.464100
