start=294.866667
volume=130.000000
