start=1309.458333
speed=1.610510
