start=33.833333
speed=1.331000
