start=158.958333
speed=1.771561
