start=1282.615000
speed=1.610510
volume=130.000000
sub-pos=92
