start=248.267000
speed=1.210000
pause=yes
volume=130.000000
sub-visibility=no
