start=2601.934000
volume=102.000000
fullscreen=yes
