start=1267.516250
speed=1.331000
volume=130.000000
