start=845.633667
speed=1.464100
