start=1364.780083
volume=130.000000
