start=84.717967
speed=1.464100
