start=1.292031
speed=1.464100
