start=1276.400000
speed=1.610510
sub-pos=105
