start=131.900000
speed=1.331000
volume=130.000000
