start=156.489823
speed=1.331000
pause=yes
sub-pos=102
