start=110.028467
speed=1.331000
pause=yes
volume=84.000000
