start=669.014530
speed=1.331000
volume=130.000000
