start=25.646447
speed=1.331000
volume=130.000000
