start=5479.056917
brightness=14
sid=1
sub-delay=-0.800000
sub-scale=1.100000
