start=1288.996000
speed=1.610510
sub-pos=87
