start=1250.791000
speed=1.610510
