start=5210.000000
fullscreen=yes
sub-scale=1.800000
