start=212.933222
speed=1.464100
volume=130.000000
