start=317.616457
speed=1.331000
