start=353.000000
speed=1.771561
pause=yes
