start=297.233333
speed=1.464100
volume=130.000000
