start=68.033333
speed=1.331000
volume=128.000000
