start=277.533333
speed=1.331000
