start=36.160000
speed=1.331000
