start=60.351958
speed=1.331000
