start=175.966667
pause=yes
volume=130.000000
