start=205.372039
volume=130.000000
