start=1376.903000
speed=1.610510
brightness=12
sub-pos=106
