start=8303.320000
sub-scale=1.200000
