start=1290.080000
speed=1.610510
