start=292.160000
speed=1.464100
volume=130.000000
