start=1002.000000
speed=1.331000
volume=130.000000
