start=293.627000
speed=1.331000
volume=112.000000
aid=1
