start=220.667000
speed=1.464100
pause=yes
