start=1367.616000
speed=1.610510
