start=48.100000
speed=1.464100
