start=326.800000
volume=130.000000
