start=1303.458333
speed=1.610510
