start=35.533507
speed=1.331000
