start=123.520000
speed=1.948717
volume=130.000000
