start=6028.607000
brightness=5
sub-scale=1.300000
