start=1276.318000
speed=1.610510
brightness=8
sub-pos=107
