start=87.129284
volume=130.000000
