start=58.466638
speed=1.610510
