start=1287.912000
speed=1.771561
sub-pos=107
sub-scale=1.500000
