start=364.533333
volume=130.000000
