start=1292.792000
speed=1.464100
