start=217.120000
speed=1.464100
volume=130.000000
