start=844.200000
speed=1.948717
volume=130.000000
