start=1297.379000
speed=1.610510
sub-scale=1.400000
