start=459.900000
speed=1.331000
pause=yes
volume=108.000000
brightness=17
