start=227.000000
speed=1.610510
