start=1236.402000
speed=1.464100
volume=130.000000
sid=1
sub-pos=150
