start=213.605531
speed=1.210000
