start=515.966667
speed=1.464100
pause=yes
