start=1078.080000
speed=1.464100
