start=934.400133
speed=1.464100
volume=130.000000
