start=1270.436000
speed=1.610510
