start=1020.300000
speed=1.331000
