start=977.727000
sid=1
sub-pos=29
sub-scale=0.300000
