start=355.100000
speed=1.331000
volume=130.000000
