start=219.566667
speed=1.464100
