start=1281.353000
speed=1.610510
brightness=2
sub-pos=107
