start=32.941545
volume=130.000000
