start=1157.948456
speed=1.464100
pause=yes
