start=126.918458
speed=1.331000
volume=130.000000
