start=262.532667
speed=1.331000
fullscreen=yes
