start=21.654967
sub-scale=1.300000
