start=131.632667
speed=1.331000
volume=130.000000
