start=733.219920
volume=118.000000
