start=235.633333
speed=1.331000
