start=166.280000
speed=1.331000
