start=1353.812000
speed=1.610510
