start=1330.497925
sub-delay=144.599640
sub-pos=102
sub-visibility=no
sub-scale=1.200000
