start=463.233333
speed=1.210000
pause=yes
volume=130.000000
