start=1317.983000
speed=2.143589
sid=1
sub-pos=107
