start=2014.681348
speed=1.610510
