start=11.466667
volume=130.000000
