start=330.600000
speed=1.464100
