start=1308.849000
speed=1.771561
sid=1
sub-pos=107
