start=212.912700
speed=1.331000
volume=130.000000
fullscreen=yes
