start=1247.832000
speed=1.464100
volume=122.000000
