start=109.442667
speed=1.331000
contrast=-1
