start=1229.494933
speed=1.610510
volume=130.000000
