start=2569.779582
pause=yes
aid=1
sid=1
sub-scale=1.100000
