start=680.400000
speed=1.331000
