start=123.056267
volume=130.000000
