start=537.245042
speed=1.464100
volume=130.000000
