start=4.900000
speed=1.464100
