start=13.746125
speed=1.100000
