start=265.366667
speed=1.331000
