start=201.733333
speed=1.610510
volume=120.000000
