start=1336.212000
speed=1.464100
