start=17.050367
volume=130.000000
