start=184.100000
speed=1.464100
