start=214.800000
osd-level=3
speed=1.610510
pause=yes
