start=464.233333
speed=1.464100
volume=130.000000
fullscreen=yes
brightness=9
