start=876.152681
volume=130.000000
