start=1304.772000
speed=1.610510
