start=1226.683000
speed=1.464100
volume=130.000000
