start=1277.610000
speed=1.771561
fullscreen=yes
sub-pos=107
