start=954.253300
speed=1.331000
fullscreen=yes
