start=1278.986000
speed=1.610510
sid=1
sub-pos=106
