start=1277.125000
speed=1.610510
fullscreen=yes
