start=1267.441000
speed=1.610510
sub-pos=106
