start=1219.551667
speed=1.464100
