start=1295.560000
volume=130.000000
