start=788.087300
sub-scale=1.300000
