start=366.083333
speed=1.464100
volume=130.000000
