start=741.600000
volume=130.000000
