start=10448.250000
sid=1
sub-pos=101
sub-scale=1.400000
