start=1296.253000
speed=1.610510
sub-pos=97
