start=17.848994
speed=1.331000
volume=130.000000
