start=489.200000
osd-level=3
speed=1.331000
volume=130.000000
