start=1283.908000
speed=1.610510
