start=1227.526000
speed=1.610510
volume=130.000000
