start=1275.274000
speed=1.610510
sid=1
sub-pos=106
