start=1294.782000
speed=1.610510
sub-pos=107
