start=1350.808000
speed=1.610510
fullscreen=yes
