start=1288.996000
speed=1.610510
fullscreen=yes
sid=1
sub-pos=107
