start=1292.458000
speed=1.610510
volume=112.000000
