start=592.880000
speed=1.464100
sid=1
sub-scale=1.500000
