start=528.400000
speed=1.331000
sub-delay=0.100000
