start=18.533000
speed=4.177248
