start=322.196875
speed=1.331000
saturation=15
