start=722.655989
volume=130.000000
