start=34.040000
speed=1.331000
