start=1220.594000
speed=1.610510
sub-pos=81
