start=1274.972000
speed=1.610510
sub-pos=107
