start=1339.479000
speed=1.610510
