start=2690.104000
fullscreen=yes
sid=1
sub-scale=0.600000
