start=132.454190
volume=130.000000
