start=1277.026000
speed=1.610510
sub-pos=88
