start=1289.986000
speed=1.610510
fullscreen=yes
brightness=9
sub-pos=106
