start=1267.516000
speed=1.610510
