start=132.882750
speed=1.464100
volume=124.000000
