start=1349.807000
speed=1.610510
