start=3.866667
speed=0.683013
