start=8.049708
speed=1.610510
pause=yes
volume=130.000000
sid=no
