start=2122.720000
speed=1.331000
