start=1274.888000
speed=1.610510
sub-pos=106
