start=405.840000
osd-level=3
speed=1.331000
pause=yes
