start=38.866667
speed=1.464100
