start=237.770867
speed=1.464100
pause=yes
volume=130.000000
