start=875.493278
volume=128.000000
