start=1271.333333
speed=1.610510
volume=114.000000
