start=1279.904000
speed=1.610510
