start=9.063096
volume=130.000000
