start=1276.734000
speed=1.610510
volume=130.000000
sid=1
sub-pos=107
