start=1235.434200
speed=1.464100
volume=130.000000
