start=3257.012900
speed=1.610510
