start=173.573400
speed=1.331000
