start=417.280000
speed=1.210000
volume=130.000000
