start=186.686500
speed=1.331000
volume=130.000000
fullscreen=yes
