start=684.000000
speed=1.331000
volume=110.000000
