start=1283.816000
speed=1.610510
volume=130.000000
