start=7244.820917
speed=1.100000
volume=130.000000
fullscreen=yes
brightness=10
