start=303.133333
speed=1.464100
volume=108.000000
