start=5.808432
volume=130.000000
