start=65.880000
speed=1.464100
pause=yes
volume=112.000000
