start=1271.004000
speed=1.610510
