start=134.713274
volume=130.000000
