start=99.015583
speed=1.464100
