start=1267.849917
speed=1.610510
aid=1
sid=no
