start=1261.886000
speed=1.610510
aid=1
sid=1
