start=7003.830167
sub-scale=1.200000
