start=116.991875
speed=1.331000
