start=1297.129000
speed=1.610510
volume=116.000000
