start=2399.103000
speed=1.610510
volume=130.000000
