start=1312.519000
speed=1.610510
