start=1400.858000
speed=1.464100
volume=130.000000
