start=1225.558000
speed=1.464100
volume=130.000000
sid=1
