start=12.033333
volume=130.000000
