start=983.482500
speed=1.610510
volume=130.000000
sub-pos=103
