start=1404.919597
speed=1.464100
volume=124.000000
