start=304.380047
speed=1.331000
volume=130.000000
