start=434.602000
fullscreen=yes
sub-scale=1.400000
