start=1267.975000
speed=1.610510
sub-delay=-0.100000
sub-pos=106
