start=801.866667
speed=1.331000
volume=130.000000
brightness=24
