start=29.866667
speed=1.610510
