start=1268.894000
speed=1.610510
sub-pos=104
