start=1211.366667
speed=1.331000
