start=18.852167
speed=1.210000
