start=1234.499933
speed=1.464100
volume=130.000000
