start=6.766667
speed=1.610510
volume=126.000000
brightness=10
