start=319.586253
speed=1.331000
volume=130.000000
