start=5250.391000
speed=1.610510
volume=130.000000
fullscreen=yes
sid=2
sub-pos=101
sub-scale=1.300000
