start=58.840000
speed=1.610510
