start=1337.878000
speed=1.610510
volume=102.000000
