start=124.360000
speed=1.331000
volume=130.000000
