start=1296.422000
speed=1.464100
