start=83.017759
volume=130.000000
