start=7848.269423
volume=130.000000
fullscreen=yes
aid=1
sid=1
sub-pos=101
