start=1302.843000
speed=1.610510
