start=449.500000
speed=1.331000
pause=yes
volume=126.000000
brightness=1
contrast=2
