start=511.043867
speed=1.610510
volume=130.000000
