start=400.300000
speed=1.331000
