start=1292.458000
speed=1.610510
sub-pos=106
