start=689.400000
speed=1.610510
volume=130.000000
