start=60.533333
speed=1.331000
