start=1068.934533
speed=1.100000
