start=47.766667
volume=62.000000
