start=1320.611000
speed=1.610510
