start=104.771333
speed=1.331000
volume=130.000000
