start=350.233333
speed=1.464100
