start=656.266667
volume=130.000000
brightness=-1
