start=-0.346701
volume=130.000000
