start=1351.852000
speed=1.610510
