start=136.366667
speed=1.464100
