start=2513.594000
sid=1
sub-scale=2.200000
