start=132.883000
volume=130.000000
fullscreen=yes
