start=1291.832000
speed=1.771561
fullscreen=yes
sid=1
sub-pos=107
