start=33.551973
volume=82.000000
