start=300.199567
speed=1.331000
volume=130.000000
