start=1274.857000
speed=1.610510
