start=1286.202000
speed=1.610510
sub-pos=105
