start=1312.291667
speed=1.610510
volume=118.000000
