start=1266.083333
speed=1.610510
volume=122.000000
