start=1292.875000
speed=1.771561
sid=1
