start=170.666937
speed=1.331000
