start=1277.184000
speed=1.610510
aid=1
sid=1
