start=4.838167
speed=1.464100
pause=yes
volume=130.000000
