start=773.366667
speed=1.331000
pause=yes
volume=130.000000
