start=963.633333
speed=1.331000
pause=yes
