start=69.657393
video-aspect-override=1.777778
