start=8866.760000
fullscreen=yes
sub-delay=-380.714020
sub-scale=1.100000
