start=1295.127000
speed=1.464100
volume=110.000000
