start=995.200000
speed=1.464100
