start=1374.959000
speed=1.464100
volume=114.000000
