start=6569.229333
speed=1.464100
contrast=2
