start=80.433333
speed=1.771561
