start=916.000000
speed=1.464100
volume=130.000000
