start=1282.741000
speed=1.610510
