start=130.125000
pause=yes
sid=1
sub-scale=1.200000
