start=1284.158000
speed=1.610510
volume=116.000000
