start=52.120000
osd-level=3
speed=1.771561
