start=402.320000
speed=1.464100
fullscreen=yes
