start=6901.166667
speed=1.948717
fullscreen=yes
sub-pos=101
