start=1291.415000
speed=1.771561
fullscreen=yes
sub-pos=107
