start=602.602000
speed=1.464100
sub-delay=-2.000000
