start=1286.625000
speed=1.610510
