start=189.981458
speed=1.331000
volume=130.000000
