start=263.433333
speed=1.464100
volume=130.000000
