start=1282.781000
speed=1.464100
sub-scale=1.300000
