start=1223.641000
speed=1.464100
