start=5371.407708
fullscreen=yes
sub-pos=102
sub-scale=1.200000
