start=688.020667
speed=1.771561
