start=-0.260662
sub-delay=0.200000
sub-visibility=no
