start=1268.100000
speed=1.610510
fullscreen=yes
