start=14.680000
speed=1.331000
