start=308.391417
speed=1.331000
volume=130.000000
