start=5595.548292
fullscreen=yes
sub-scale=1.400000
