start=1271.645000
speed=1.610510
