start=146.938458
speed=1.464100
volume=130.000000
