start=1277.277000
speed=1.610510
fullscreen=yes
brightness=8
sub-pos=107
