start=1274.899000
speed=1.610510
sub-pos=77
