start=1294.640000
volume=130.000000
