start=30.533333
speed=1.464100
volume=130.000000
