start=10.100000
speed=1.331000
pause=yes
volume=130.000000
