start=1328.732000
speed=1.610510
sub-pos=105
