start=1305.511000
speed=1.464100
volume=130.000000
