start=5452.530417
fullscreen=yes
sub-pos=102
sub-scale=1.200000
