start=945.920000
speed=1.331000
volume=130.000000
