start=219.433376
volume=130.000000
