start=318.284633
speed=1.331000
pause=yes
volume=130.000000
