start=1250.182267
speed=1.464100
volume=130.000000
