start=1069.652000
fullscreen=yes
sid=1
sub-scale=0.700000
