start=1302.400000
volume=130.000000
