start=150.116633
speed=1.464100
volume=130.000000
fullscreen=yes
