start=1284.439000
speed=1.610510
