start=366.466667
speed=1.464100
volume=130.000000
fullscreen=yes
