start=1298.174000
speed=1.464100
volume=122.000000
