start=422.700000
speed=1.610510
pause=yes
