start=1267.965000
speed=1.610510
brightness=10
sub-pos=107
