start=47.600000
speed=1.464100
volume=130.000000
