start=1269.019000
speed=1.610510
sub-pos=107
