start=1253.335000
speed=1.610510
