start=104.395958
speed=1.331000
