start=1294.960000
volume=130.000000
contrast=-3
