start=505.733333
volume=130.000000
