start=5856.225375
volume=130.000000
fullscreen=yes
