start=1308.057000
speed=1.771561
