start=52.680000
pause=yes
volume=130.000000
