start=1476.018529
volume=130.000000
