start=1267.558000
speed=1.610510
fullscreen=yes
