start=77.610867
speed=1.100000
sub-visibility=no
video-aspect-override=1.777778
