start=1235.968067
speed=1.464100
volume=130.000000
