start=55.633333
speed=1.464100
