start=222.764208
speed=1.331000
volume=130.000000
ontop=yes
sid=1
