start=1356.125000
speed=1.610510
volume=120.000000
