start=115.237851
speed=1.464100
volume=120.000000
video-aspect-override=1.777778
