start=7.921333
speed=1.464100
