start=1820.766667
speed=1.464100
volume=130.000000
