start=357.880000
speed=1.610510
