start=1245.120000
speed=1.610510
pause=yes
sub-pos=106
