start=1216.750000
speed=1.610510
volume=130.000000
