start=4.233333
volume=130.000000
