start=22.567422
speed=1.331000
