start=1403.777000
speed=1.464100
volume=130.000000
