start=1306.724000
speed=1.610510
volume=124.000000
