start=66.516925
volume=98.000000
