start=108.566456
speed=1.331000
volume=130.000000
