start=1695.840000
speed=1.771561
