start=541.066667
speed=1.464100
