start=1302.301000
speed=1.610510
