start=1263.388000
speed=1.610510
fullscreen=yes
