start=681.580900
speed=1.610510
volume=130.000000
