start=580.379800
speed=1.464100
