start=1285.300000
speed=1.610510
