start=1265.880000
speed=1.610510
fullscreen=yes
sub-pos=108
