start=73.600000
speed=1.610510
