start=1282.239000
speed=1.771561
fullscreen=yes
sub-pos=107
