start=1275.526000
speed=1.610510
