start=204.337671
speed=1.210000
pause=yes
volume=130.000000
