start=1575.699125
speed=1.610510
volume=130.000000
