start=6001.870875
speed=1.331000
sub-pos=101
sub-ass-vsfilter-aspect-compat=no
