start=1289.962000
speed=1.610510
