start=44.295277
volume=130.000000
