start=33.616917
speed=1.331000
fullscreen=yes
