start=164.061713
speed=1.331000
pause=yes
volume=116.000000
