start=1307.555000
speed=1.464100
volume=130.000000
