start=1309.975000
speed=1.610510
fullscreen=yes
