start=331.400000
volume=130.000000
