start=201.266667
speed=1.331000
volume=130.000000
fullscreen=yes
