start=1352.559000
speed=1.610510
volume=130.000000
sub-pos=106
sub-scale=0.800000
