start=1323.739000
speed=1.610510
