start=1274.346000
speed=1.610510
sub-pos=107
