start=3693.250000
speed=2.143589
fullscreen=yes
