start=38.200000
speed=1.100000
