start=270.400000
speed=1.948717
