start=1289.288000
speed=1.610510
sid=1
sub-pos=107
