start=50.217000
speed=1.610510
aid=1
