start=1306.080000
volume=130.000000
