start=1283.772000
speed=1.610510
sub-pos=106
