start=1273.272000
speed=1.610510
