start=1282.907000
speed=1.610510
sub-pos=104
sub-scale=2.300000
