start=1366.583333
speed=1.610510
volume=114.000000
