start=1324.617000
speed=1.610510
volume=108.000000
