start=1357.864000
speed=1.610510
