start=560.897060
pause=yes
volume=120.000000
