start=1290.707000
speed=1.610510
sub-pos=106
