start=1247.455000
speed=1.771561
