start=396.107251
volume=130.000000
