start=334.833333
speed=1.464100
volume=130.000000
