start=1358.399000
speed=1.610510
sub-pos=101
