start=658.024033
speed=1.331000
volume=130.000000
