start=437.466667
speed=1.464100
