start=1280.821000
speed=1.610510
