start=148.515033
speed=1.610510
