start=1346.637000
speed=1.610510
volume=102.000000
