start=60.960000
speed=1.610510
fullscreen=yes
