start=1374.083333
speed=1.610510
volume=118.000000
