start=2509.505000
speed=1.464100
volume=130.000000
