start=167.800000
speed=1.771561
pause=yes
