start=58.600000
speed=1.464100
