start=52.283514
speed=1.464100
volume=130.000000
