start=422.733333
speed=1.331000
