start=116.617000
sid=1
sub-pos=101
sub-scale=1.200000
