start=2671.085000
fullscreen=yes
sid=1
sub-scale=0.700000
