start=1265.973000
speed=1.610510
sid=1
