start=54.888000
speed=1.464100
sid=1
sub-pos=113
