start=1285.534000
speed=1.610510
sid=1
sub-pos=105
