start=1365.447000
speed=1.610510
