start=1267.601000
speed=1.610510
sub-pos=105
