start=123.960000
speed=1.464100
