start=35.440246
volume=130.000000
