start=1277.359000
speed=1.610510
