start=1258.769108
speed=1.610510
