start=9380.750000
volume=130.000000
sid=1
sub-pos=101
sub-scale=1.200000
