start=226.666667
speed=1.331000
volume=130.000000
