start=16.480000
speed=1.331000
