start=327.095356
speed=1.948717
