start=9.609610
speed=1.331000
volume=116.000000
