start=2249.966667
volume=130.000000
