start=1581.790000
pause=yes
fullscreen=yes
sid=1
sub-pos=142
sub-scale=1.100000
