start=881.922708
speed=1.464100
