start=1285.565000
speed=1.610510
sub-pos=107
