start=330.266667
speed=1.464100
fullscreen=yes
