start=18.067220
video-aspect-override=1.777778
