start=1410.701000
speed=1.464100
volume=130.000000
sid=1
sub-pos=134
sub-visibility=no
