start=57.080000
speed=1.464100
