start=174.480000
speed=1.331000
