start=624.500000
speed=1.331000
volume=130.000000
