start=2867.531333
fullscreen=yes
sub-scale=1.100000
