start=1273.857000
speed=1.610510
sub-pos=106
