start=1244.618000
speed=1.464100
volume=130.000000
