start=1269.977000
speed=1.610510
sub-pos=107
