start=260.366667
speed=1.948717
