start=1287.328000
speed=1.610510
