start=1288.078000
speed=1.610510
sub-pos=95
