start=123.401233
video-aspect-override=1.777778
