start=1278.319000
speed=1.610510
