start=1266.350000
speed=1.610510
sub-pos=106
