start=305.600000
speed=1.610510
