start=265.066667
speed=1.464100
volume=120.000000
