start=66.000000
pause=yes
sub-scale=1.100000
