start=1274.356000
speed=1.771561
fullscreen=yes
sid=1
