start=1156.280000
speed=1.610510
