start=525.200000
speed=1.464100
volume=104.000000
