start=673.600000
speed=1.610510
pause=yes
volume=130.000000
mute=yes
