start=4718.505458
volume=130.000000
fullscreen=yes
