start=1276.640000
speed=1.610510
sub-pos=106
