start=758.357600
speed=1.331000
volume=130.000000
