start=441.466667
speed=1.331000
