start=1273.230000
speed=1.610510
