start=1279.612000
speed=1.610510
volume=108.000000
