start=871.412208
speed=1.610510
fullscreen=yes
