start=174.500000
speed=1.331000
