start=1032.000000
speed=1.948717
volume=130.000000
