start=1332.706000
speed=1.610510
sub-scale=1.400000
