start=411.533333
speed=1.331000
fullscreen=yes
