start=755.588167
speed=1.464100
volume=130.000000
