start=835.666667
volume=130.000000
fullscreen=yes
