start=1266.724000
speed=1.331000
sub-pos=105
sub-scale=2.100000
