start=1271.270000
speed=1.610510
volume=110.000000
