start=24.816498
speed=1.610510
volume=130.000000
