start=109.766280
speed=1.331000
