start=3.733333
volume=130.000000
