start=5.375000
speed=1.331000
pause=yes
volume=130.000000
contrast=-5
