start=1277.570000
speed=1.610510
volume=116.000000
