start=334.067651
speed=1.464100
volume=130.000000
