start=4.642115
volume=102.000000
