start=239.502233
volume=130.000000
