start=2673.880000
sid=1
sub-scale=2.100000
