start=205.076071
speed=1.331000
volume=130.000000
