start=629.929300
speed=1.331000
volume=130.000000
