start=48.133333
speed=1.331000
pause=yes
volume=130.000000
