start=327.923949
speed=1.331000
volume=126.000000
