start=722.633333
osd-level=3
speed=1.464100
