start=938.771000
fullscreen=yes
sid=1
sub-scale=0.600000
