start=5892.761875
speed=2.143589
sub-pos=101
sub-scale=1.900000
