start=1281.655000
speed=1.771561
