start=1303.051000
speed=1.610510
volume=130.000000
