start=19.227542
speed=1.210000
volume=130.000000
