start=1298.589000
speed=1.610510
sub-pos=79
