start=242.974930
speed=1.464100
