start=1245.952000
speed=1.610510
volume=130.000000
