start=1302.343000
speed=1.610510
sub-delay=0.100000
