start=423.240000
speed=1.331000
