start=208.374833
speed=1.331000
volume=130.000000
