start=1240.947000
speed=1.464100
volume=130.000000
sub-pos=127
