start=1294.586000
speed=1.610510
