start=465.400000
speed=1.610510
