start=1284.666667
speed=1.610510
volume=120.000000
