start=1269.102000
speed=1.610510
sub-pos=107
