start=1268.601000
speed=1.610510
contrast=-1
sid=1
sub-pos=106
