start=1303.346000
speed=1.610510
volume=130.000000
