start=26.733327
volume=130.000000
