start=216.280000
speed=1.948717
volume=130.000000
