start=881.046833
speed=1.464100
volume=130.000000
