start=55.480000
speed=1.331000
