start=460.276970
volume=130.000000
fullscreen=yes
