start=9.080791
volume=130.000000
