start=476.366667
speed=1.610510
volume=130.000000
