start=3.470137
volume=130.000000
