start=233.066167
volume=52.000000
sub-scale=1.200000
