start=1278.986000
speed=1.771561
fullscreen=yes
sub-pos=106
