start=1229.127900
speed=1.464100
volume=130.000000
fullscreen=yes
