start=1242.674767
speed=1.464100
volume=130.000000
fullscreen=yes
