start=1196.239000
speed=1.610510
volume=130.000000
