start=90.760000
speed=1.464100
