start=1296.294000
speed=1.464100
volume=130.000000
