start=1275.889000
speed=1.610510
