start=347.933333
speed=1.610510
volume=130.000000
