start=1292.125000
speed=1.610510
volume=118.000000
