start=1340.507000
speed=1.610510
