start=631.664998
speed=1.331000
pause=yes
volume=130.000000
