start=1290.708333
speed=1.610510
volume=124.000000
