start=242.466667
speed=1.331000
volume=130.000000
fullscreen=yes
