start=362.445417
speed=1.210000
volume=130.000000
