start=1302.720000
speed=1.610510
volume=130.000000
