start=1267.348000
speed=1.464100
volume=130.000000
sid=no
