start=1275.681000
speed=1.610510
