start=1280.196000
speed=1.610510
sub-pos=107
