start=319.200000
speed=1.771561
pause=yes
volume=130.000000
