start=41.291256
volume=130.000000
