start=471.899667
osd-level=3
speed=1.331000
volume=102.000000
