start=194.903000
pause=yes
fullscreen=yes
sid=1
sub-pos=102
sub-scale=0.700000
