start=1281.240000
speed=1.464100
