start=52.886167
speed=1.464100
pause=yes
