start=1218.299000
speed=1.610510
volume=130.000000
