start=1346.095000
speed=1.610510
