start=167.876044
volume=130.000000
