start=2571.111000
fullscreen=yes
sid=2
sub-pos=108
sub-scale=0.800000
