start=76.780497
speed=1.331000
volume=130.000000
