start=1297.173000
speed=1.610510
volume=130.000000
