start=1141.682208
osd-level=3
speed=1.331000
volume=124.000000
saturation=12
