start=1303.302000
speed=1.610510
sub-pos=89
