start=1293.333333
speed=1.610510
