start=2.566667
speed=1.100000
pause=yes
