start=3002.240000
speed=1.331000
volume=128.000000
