start=76.833333
speed=1.331000
pause=yes
