start=110.548537
volume=130.000000
