start=256.160000
speed=1.464100
pause=yes
