start=6663.448458
sub-scale=1.100000
