start=177.762451
speed=1.610510
volume=130.000000
