start=1231.129900
speed=1.464100
volume=130.000000
