start=6199.291667
sub-pos=103
sub-scale=1.100000
